3
111
111
111
3
000
000
000
3
111
000
000
3
000
111
000
3
000
000
111
3
100
100
100
3
010
010
010
3
001
001
001
3
001
010
100
3
100
010
001
3
000
010
000
3
100
000
000
3
001
000
000
3
000
000
100
3
000
000
001
2
01
00
8
00111110
00011001
10001001
10100100
00011010
01001000
10011110
00011001
8
01000110
11111010
11101001
01111111
01000011
10010010
00011100
01000111
8
10111111
01001100
10000101
00001000
01000011
11100110
00011110
00110111
8
10111111
01001100
10000101
00001000
01000011
11100110
00011110
00110111
5
11011
11111
01011
00000
10000
3
100
100
100
8
01010010
11011101
00000001
10101100
11011000
11001100
10110100
11101001
9
000100001
011100111
100101011
001111001
010010001
001100010
000101100
100111001
101011001
0
